5 634 7
1 29 3
4 950 6
2 104 4
3 383 5
7 274 9
6 142 8
9 829 11
8 350 10
10 88 12
5 634 7
1 29 3
4 950 6
2 104 4
3 383 5
7 274 9
6 142 8
9 829 11
8 350 10
10 88 12
5 634 7
1 29 3
4 950 6
2 104 4
3 383 5
7 274 9
6 142 8
9 829 11
8 350 10
10 88 12
5 635 7
1 29 3
4 950 6
2 104 4
3 383 5
7 274 9
6 142 8
9 829 11
8 350 10
10 88 12
5 635 7
1 29 3
4 950 6
2 104 4
3 383 5
7 274 9
6 134 8
9 829 11
8 350 10
10 88 12
5 635 7
1 29 3
4 950 6
2 104 4
3 380 5
7 274 9
6 134 8
9 829 11
8 350 10
10 93 12
5 628 7
1 29 3
4 944 6
2 104 4
3 380 5
7 274 9
6 134 8
9 829 11
8 350 10
10 93 12
5 628 7
1 29 3
4 944 6
2 107 4
3 380 5
7 284 9
6 134 8
9 829 11
8 350 10
10 93 12
5 631 7
1 25 3
4 944 6
2 98 4
3 380 5
7 284 9
6 140 8
9 829 11
8 350 10
10 93 12
5 631 7
1 25 3
4 944 6
2 107 4
3 378 5
7 288 9
6 140 8
9 829 11
8 350 10
10 93 12
5 625 7
1 25 3
4 944 6
2 108 4
3 368 5
7 288 9
6 140 8
9 829 11
8 350 10
10 93 12
5 625 7
1 25 3
4 950 6
2 108 4
3 368 5
7 289 9
6 147 8
9 834 11
8 350 10
10 93 12
5 625 7
1 30 3
4 950 6
2 108 4
3 369 5
7 289 9
6 139 8
9 834 11
8 350 10
10 93 12
5 625 7
1 30 3
4 942 6
2 108 4
3 374 5
7 289 9
6 152 8
9 834 11
8 350 10
10 101 12
5 625 7
1 24 3
4 942 6
2 113 4
3 374 5
7 289 9
6 152 8
9 834 11
8 360 10
10 107 12
5 625 7
1 24 3
4 934 6
2 122 4
3 373 5
7 286 9
6 152 8
9 834 11
8 360 10
10 107 12
5 627 7
1 24 3
4 935 6
2 122 4
3 373 5
7 286 9
6 152 8
9 834 11
8 360 10
10 107 12
5 634 7
1 34 3
4 925 6
2 122 4
3 365 5
7 282 9
6 152 8
9 834 11
8 360 10
10 117 12
5 624 7
1 34 3
4 917 6
2 117 4
3 365 5
7 282 9
6 159 8
9 834 11
8 360 10
10 117 12
5 624 7
1 32 3
4 918 6
2 109 4
3 357 5
7 282 9
6 173 8
9 835 11
8 360 10
10 117 12
5 624 7
1 38 3
4 921 6
2 103 4
3 359 5
7 282 9
6 173 8
9 835 11
8 370 10
10 117 12
5 633 7
1 38 3
4 912 6
2 103 4
3 359 5
7 279 9
6 168 8
9 826 11
8 371 10
10 117 12
5 637 7
1 38 3
4 912 6
2 96 4
3 359 5
7 277 9
6 177 8
9 835 11
8 377 10
10 117 12
5 634 7
1 38 3
4 912 6
2 96 4
3 366 5
7 281 9
6 177 8
9 835 11
8 370 10
10 111 12
5 634 7
1 45 3
4 912 6
2 96 4
3 365 5
7 281 9
6 178 8
9 835 11
8 370 10
10 109 12
5 634 7
1 45 3
4 912 6
2 96 4
3 357 5
7 281 9
6 168 8
9 835 11
8 370 10
10 105 12
5 634 7
1 43 3
4 908 6
2 96 4
3 350 5
7 281 9
6 168 8
9 847 11
8 376 10
10 98 12
5 640 7
1 43 3
4 908 6
2 105 4
3 350 5
7 281 9
6 182 8
9 847 11
8 376 10
10 90 12
5 640 7
1 43 3
4 911 6
2 105 4
3 342 5
7 281 9
6 182 8
9 847 11
8 380 10
10 90 12
5 640 7
1 33 3
4 911 6
2 100 4
3 342 5
7 281 9
6 177 8
9 844 11
8 390 10
10 90 12
5 648 7
1 33 3
4 911 6
2 108 4
3 342 5
7 270 9
6 174 8
9 844 11
8 390 10
10 90 12
5 648 7
1 33 3
4 903 6
2 104 4
3 334 5
7 270 9
6 172 8
9 844 11
8 391 10
10 90 12
5 650 7
1 40 3
4 907 6
2 109 4
3 341 5
7 270 9
6 172 8
9 844 11
8 385 10
10 89 12
5 641 7
1 40 3
4 907 6
2 106 4
3 341 5
7 265 9
6 172 8
9 851 11
8 389 10
10 89 12
5 641 7
1 40 3
4 907 6
2 105 4
3 341 5
7 263 9
6 179 8
9 843 11
8 389 10
10 89 12
5 641 7
1 37 3
4 907 6
2 107 4
3 341 5
7 273 9
6 179 8
9 850 11
8 389 10
10 89 12
5 641 7
1 32 3
4 907 6
2 107 4
3 341 5
7 273 9
6 179 8
9 850 11
8 398 10
10 89 12
5 641 7
1 32 3
4 907 6
2 99 4
3 343 5
7 273 9
6 179 8
9 849 11
8 392 10
10 92 12
5 633 7
1 42 3
4 908 6
2 108 4
3 341 5
7 271 9
6 179 8
9 849 11
8 392 10
10 92 12
5 633 7
1 42 3
4 910 6
2 113 4
3 342 5
7 264 9
6 187 8
9 849 11
8 382 10
10 95 12
5 631 7
1 42 3
4 910 6
2 113 4
3 335 5
7 264 9
6 179 8
9 847 11
8 382 10
10 95 12
5 631 7
1 42 3
4 918 6
2 118 4
3 339 5
7 264 9
6 179 8
9 847 11
8 392 10
10 80 12
5 630 7
1 42 3
4 916 6
2 124 4
3 342 5
7 264 9
6 179 8
9 847 11
8 382 10
10 82 12
5 630 7
1 46 3
4 906 6
2 114 4
3 342 5
7 267 9
6 169 8
9 841 11
8 391 10
10 82 12
5 624 7
1 46 3
4 896 6
2 122 4
3 336 5
7 265 9
6 178 8
9 845 11
8 391 10
10 81 12
5 624 7
1 47 3
4 898 6
2 112 4
3 344 5
7 258 9
6 184 8
9 845 11
8 381 10
10 89 12
5 615 7
1 51 3
4 898 6
2 112 4
3 344 5
7 262 9
6 184 8
9 835 11
8 380 10
10 89 12
5 621 7
1 59 3
4 891 6
2 112 4
3 335 5
7 262 9
6 174 8
9 842 11
8 380 10
10 81 12
5 632 7
1 59 3
4 891 6
2 111 4
3 335 5
7 262 9
6 169 8
9 842 11
8 380 10
10 81 12
5 632 7
1 51 3
4 894 6
2 113 4
3 337 5
7 262 9
6 164 8
9 835 11
8 380 10
10 81 12
5 632 7
1 51 3
4 894 6
2 113 4
3 338 5
7 255 9
6 164 8
9 835 11
8 388 10
10 78 12
5 632 7
1 40 3
4 894 6
2 113 4
3 338 5
7 246 9
6 164 8
9 832 11
8 398 10
10 78 12
5 632 7
1 38 3
4 899 6
2 113 4
3 338 5
7 246 9
6 164 8
9 837 11
8 398 10
10 82 12
5 632 7
1 38 3
4 904 6
2 123 4
3 338 5
7 246 9
6 168 8
9 830 11
8 398 10
10 88 12
5 632 7
1 38 3
4 911 6
2 123 4
3 345 5
7 251 9
6 168 8
9 830 11
8 394 10
10 88 12
5 632 7
1 38 3
4 910 6
2 123 4
3 345 5
7 248 9
6 168 8
9 833 11
8 394 10
10 88 12
5 632 7
1 45 3
4 909 6
2 123 4
3 345 5
7 258 9
6 159 8
9 837 11
8 396 10
10 92 12
5 632 7
1 44 3
4 909 6
2 117 4
3 345 5
7 251 9
6 159 8
9 837 11
8 396 10
10 85 12
5 632 7
1 44 3
4 913 6
2 113 4
3 345 5
7 254 9
6 159 8
9 842 11
8 387 10
10 86 12
5 632 7
1 49 3
4 913 6
2 113 4
3 345 5
7 254 9
6 161 8
9 849 11
8 384 10
10 80 12
5 632 7
1 49 3
4 908 6
2 107 4
3 345 5
7 261 9
6 161 8
9 860 11
8 394 10
10 80 12
5 627 7
1 42 3
4 908 6
2 107 4
3 352 5
7 261 9
6 173 8
9 869 11
8 398 10
10 80 12
5 627 7
1 48 3
4 907 6
2 106 4
3 352 5
7 271 9
6 169 8
9 869 11
8 406 10
10 80 12
5 623 7
1 48 3
4 912 6
2 91 4
3 356 5
7 271 9
6 166 8
9 869 11
8 396 10
10 80 12
5 623 7
1 54 3
4 912 6
2 91 4
3 356 5
7 265 9
6 166 8
9 876 11
8 389 10
10 80 12
5 623 7
1 54 3
4 914 6
2 91 4
3 348 5
7 269 9
6 166 8
9 875 11
8 392 10
10 80 12
5 627 7
1 54 3
4 914 6
2 91 4
3 355 5
7 266 9
6 170 8
9 869 11
8 392 10
10 80 12
5 627 7
1 60 3
4 905 6
2 104 4
3 355 5
7 266 9
6 174 8
9 869 11
8 392 10
10 81 12
5 627 7
1 53 3
4 905 6
2 104 4
3 355 5
7 266 9
6 174 8
9 879 11
8 396 10
10 79 12
5 627 7
1 53 3
4 922 6
2 108 4
3 355 5
7 273 9
6 175 8
9 881 11
8 396 10
10 79 12
5 627 7
1 53 3
4 922 6
2 108 4
3 362 5
7 273 9
6 175 8
9 881 11
8 413 10
10 82 12
5 630 7
1 58 3
4 922 6
2 108 4
3 362 5
7 282 9
6 174 8
9 881 11
8 413 10
10 82 12
5 635 7
1 60 3
4 913 6
2 108 4
3 366 5
7 282 9
6 174 8
9 878 11
8 403 10
10 72 12
5 642 7
1 54 3
4 920 6
2 107 4
3 366 5
7 282 9
6 162 8
9 877 11
8 403 10
10 72 12
5 642 7
1 54 3
4 923 6
2 107 4
3 367 5
7 282 9
6 162 8
9 874 11
8 403 10
10 72 12
5 642 7
1 54 3
4 923 6
2 107 4
3 366 5
7 282 9
6 162 8
9 874 11
8 398 10
10 71 12
5 637 7
1 54 3
4 921 6
2 107 4
3 366 5
7 281 9
6 162 8
9 884 11
8 387 10
10 71 12
5 629 7
1 49 3
4 930 6
2 107 4
3 366 5
7 272 9
6 171 8
9 884 11
8 377 10
10 71 12
5 629 7
1 51 3
4 932 6
2 111 4
3 358 5
7 271 9
6 171 8
9 884 11
8 387 10
10 71 12
5 629 7
1 51 3
4 932 6
2 104 4
3 358 5
7 271 9
6 171 8
9 894 11
8 378 10
10 71 12
5 629 7
1 45 3
4 932 6
2 104 4
3 358 5
7 263 9
6 180 8
9 894 11
8 369 10
10 71 12
5 629 7
1 50 3
4 935 6
2 99 4
3 365 5
7 263 9
6 180 8
9 894 11
8 359 10
10 71 12
5 629 7
1 33 3
4 933 6
2 99 4
3 365 5
7 263 9
6 180 8
9 904 11
8 365 10
10 71 12
5 629 7
1 44 3
4 932 6
2 99 4
3 365 5
7 263 9
6 180 8
9 904 11
8 361 10
10 71 12
5 629 7
1 47 3
4 932 6
2 103 4
3 370 5
7 263 9
6 180 8
9 904 11
8 366 10
10 69 12
5 629 7
1 45 3
4 941 6
2 103 4
3 373 5
7 263 9
6 180 8
9 904 11
8 360 10
10 69 12
5 633 7
1 45 3
4 941 6
2 103 4
3 373 5
7 261 9
6 172 8
9 902 11
8 361 10
10 69 12
5 633 7
1 49 3
4 948 6
2 98 4
3 366 5
7 261 9
6 172 8
9 902 11
8 361 10
10 69 12
5 633 7
1 42 3
4 948 6
2 98 4
3 376 5
7 261 9
6 172 8
9 903 11
8 361 10
10 74 12
5 639 7
1 42 3
4 945 6
2 92 4
3 376 5
7 258 9
6 172 8
9 906 11
8 361 10
10 72 12
5 631 7
1 42 3
4 944 6
2 92 4
3 372 5
7 266 9
6 179 8
9 906 11
8 361 10
10 71 12
5 627 7
1 42 3
4 954 6
2 94 4
3 362 5
7 266 9
6 179 8
9 906 11
8 367 10
10 75 12
5 624 7
1 30 3
4 949 6
2 89 4
3 362 5
7 266 9
6 177 8
9 906 11
8 360 10
10 75 12
5 629 7
1 28 3
4 952 6
2 89 4
3 358 5
7 270 9
6 181 8
9 906 11
8 360 10
10 68 12
5 627 7
1 40 3
4 952 6
2 89 4
3 358 5
7 269 9
6 181 8
9 906 11
8 366 10
10 68 12
5 627 7
1 50 3
4 960 6
2 89 4
3 348 5
7 269 9
6 191 8
9 903 11
8 374 10
10 72 12
5 629 7
1 43 3
4 960 6
2 91 4
3 352 5
7 276 9
6 191 8
9 899 11
8 372 10
10 73 12
5 629 7
1 43 3
4 959 6
2 82 4
3 352 5
7 276 9
6 194 8
9 899 11
8 378 10
10 73 12
5 629 7
1 43 3
4 959 6
2 82 4
3 360 5
7 275 9
6 194 8
9 900 11
8 369 10
10 74 12
5 626 7
1 39 3
4 959 6
2 82 4
3 371 5
7 275 9
6 198 8
9 900 11
8 369 10
10 74 12
5 626 7
1 39 3
4 968 6
2 91 4
3 381 5
7 279 9
6 198 8
9 900 11
8 369 10
10 79 12
5 626 7
1 33 3
4 969 6
2 91 4
3 381 5
7 285 9
6 198 8
9 907 11
8 369 10
10 79 12
5 626 7
1 39 3
4 970 6
2 86 4
3 388 5
7 285 9
6 194 8
9 912 11
8 367 10
10 79 12
5 635 7
1 39 3
4 971 6
2 76 4
3 388 5
7 285 9
6 198 8
9 916 11
8 358 10
10 79 12
5 637 7
1 39 3
4 971 6
2 77 4
3 388 5
7 285 9
6 198 8
9 914 11
8 352 10
10 79 12
5 637 7
1 39 3
4 975 6
2 77 4
3 406 5
7 282 9
6 200 8
9 910 11
8 365 10
10 73 12
5 637 7
1 25 3
4 965 6
2 77 4
3 398 5
7 292 9
6 200 8
9 910 11
8 365 10
10 73 12
5 637 7
1 25 3
4 958 6
2 67 4
3 395 5
7 292 9
6 200 8
9 895 11
8 368 10
10 70 12
5 637 7
1 18 3
4 949 6
2 67 4
3 395 5
7 292 9
6 208 8
9 895 11
8 354 10
10 77 12
5 639 7
1 18 3
4 949 6
2 63 4
3 395 5
7 292 9
6 208 8
9 898 11
8 354 10
10 77 12
5 631 7
1 16 3
4 949 6
2 63 4
3 395 5
7 293 9
6 207 8
9 898 11
8 361 10
10 89 12
5 636 7
1 15 3
4 953 6
2 63 4
3 395 5
7 293 9
6 207 8
9 898 11
8 361 10
10 89 12
5 634 7
1 15 3
4 953 6
2 63 4
3 395 5
7 296 9
6 207 8
9 898 11
8 356 10
10 89 12
5 641 7
1 15 3
4 953 6
2 56 4
3 404 5
7 296 9
6 207 8
9 890 11
8 356 10
10 82 12
5 650 7
1 10 3
4 953 6
2 56 4
3 404 5
7 292 9
6 202 8
9 890 11
8 358 10
10 78 12
5 647 7
1 5 3
4 953 6
2 55 4
3 404 5
7 292 9
6 210 8
9 896 11
8 358 10
10 78 12
5 643 7
1 1 3
4 953 6
2 59 4
3 404 5
7 295 9
6 210 8
9 896 11
8 352 10
10 78 12
5 633 7
1 1 3
4 957 6
2 59 4
3 412 5
7 298 9
6 214 8
9 896 11
8 352 10
10 78 12
5 649 7
1 1 3
4 951 6
2 56 4
3 409 5
7 303 9
6 209 8
9 896 11
8 352 10
10 83 12
5 649 7